25+99
184%%5
a <- 4
b <- 5
c <- a+b

y <-  2*x^2+5*x+10
x <- 6
y

y <-  2*x^2+5*x+10
x <- 8
y

vc.3 <-  rep(TRUE,20)
vc.3

d <-  c(100:200)
d
d[d%%2!=0]
